0 -2 -4 -6 -8 -10 -12 -14 -16 -18 -20 -22 -24 -26 -28 -30 -32 
-2 -1 -3 -5 -4 -6 -8 -10 0 0 0 0 0 0 0 0 0 
-4 0 1 -1 -3 -5 -4 -6 0 0 0 0 0 0 0 0 0 
-6 -2 -1 3 1 -1 -3 -2 0 0 0 0 0 0 0 0 0 
-8 -4 -3 1 5 3 1 -1 0 0 0 0 0 0 0 0 0 
-10 -6 -5 -1 3 7 5 3 0 0 0 0 0 0 0 0 0 
-12 -8 -7 -3 1 5 6 4 0 0 0 0 0 0 0 0 0 
-14 -10 -9 -5 -1 3 4 5 0 0 0 0 0 0 0 0 0 
-16 -12 -8 -7 -3 1 5 3 0 0 0 0 0 0 0 0 0 
-18 -14 -10 -6 -5 -1 3 7 0 0 0 0 0 0 0 0 0 
-20 0 0 0 0 0 0 0 0 0 0 0 0 0 0 0 0 
-22 0 0 0 0 0 0 0 0 0 0 0 0 0 0 0 0 
-24 0 0 0 0 0 0 0 0 0 0 0 0 0 0 0 0 
-26 0 0 0 0 0 0 0 0 0 0 0 0 0 0 0 0 
-28 0 0 0 0 0 0 0 0 0 0 0 0 0 0 0 0 
-30 0 0 0 0 0 0 0 0 0 0 0 0 0 0 0 0 
-32 0 0 0 0 0 0 0 0 0 0 0 0 0 0 0 0 

